ID
47656343467
65788456345
12342376565
76856745634
12332543675
12332543676
12332543677
12332543678
12332543679
12332543680
12332543681
12332543682
12332543683
12332543684
12332543685
12332543686
12332543687
12332543688
12332543689
12332543690
12332543691
12332543692
12332543693
12332543694
12332543695
12332543696
12332543697
12332543698
12332543699
12332543700
12332543701
12332543702
12332543703
12332543704
12332543705
12332543706
12332543707
12332543708
12332543709
12332543710
12332543711
12332543712
12332543713
12332543714
12332543715
12332543716
12332543717
12332543718
12332543719
12332543720
12332543721
12332543722
12332543723
12332543724
12332543725
12332543726
12332543727
12332543728
12332543729
12332543730
12332543731
12332543732
12332543733
12332543734
12332543735
12332543736
12332543737
12332543738
12332543739
12332543740
12332543741
12332543742
12332543743
12332543744
12332543745
12332543746
12332543747
12332543748
12332543749
12332543750
12332543751
12332543752
12332543753
12332543754
12332543755
12332543756
12332543757
12332543758
12332543759
12332543760
12332543761
12332543762
12332543763
12332543764
12332543765
12332543766
12332543767
12332543768
12332543769
12332543770
12332543771
12332543772
12332543773
12332543774
12332543775
12332543776
12332543777
12332543778
12332543779
12332543780
12332543781
12332543782
12332543783
12332543784
12332543785
12332543786
12332543787
12332543788
12332543789
12332543790
12332543791
12332543792
12332543793
12332543794
12332543795
12332543796
12332543797
12332543798
12332543799
12332543800
12332543801
12332543802
12332543803
12332543804
12332543805
12332543806
12332543807
12332543808
12332543809
12332543810
12332543811
12332543812
12332543813
12332543814
12332543815
12332543816
12332543817
12332543818
12332543819
12332543820
12332543821
12332543822
12332543823
12332543824
12332543825
12332543826
12332543827
12332543828
12332543829
12332543830
12332543831
12332543832
12332543833
12332543834
12332543835
12332543836
12332543837
12332543838
12332543839
12332543840
12332543841
12332543842
12332543843
12332543844
12332543845
12332543846
12332543847
12332543848
12332543849
12332543850
12332543851
12332543852
12332543853
12332543854
12332543855
12332543856
12332543857
12332543858
12332543859
12332543860
12332543861
12332543862
12332543863
12332543864
12332543865
12332543866
12332543867
12332543868
12332543869
12332543870
12332543871
12332543872
12332543873
12332543874
12332543875
12332543876
12332543877
12332543878
12332543879
12332543880
12332543881
12332543882
12332543883
12332543884
12332543885
12332543886
12332543887
12332543888
12332543889
12332543890
12332543891
12332543892
12332543893
12332543894
12332543895
12332543896
12332543897
12332543898
12332543899
12332543900
12332543901
12332543902
12332543903
12332543904
12332543905
12332543906
12332543907
12332543908
12332543909
12332543910
12332543911
12332543912
12332543913
12332543914
12332543915
12332543916
12332543917
12332543918
12332543919
12332543920
12332543921
12332543922
12332543923
12332543924
12332543925
12332543926
12332543927
12332543928
12332543929
12332543930
12332543931
12332543932
12332543933
12332543934
12332543935
12332543936
12332543937
12332543938
12332543939
12332543940
12332543941
12332543942
12332543943
12332543944
12332543945
12332543946
12332543947
12332543948
12332543949
12332543950
12332543951
12332543952
12332543953
12332543954
12332543955
12332543956
12332543957
12332543958
12332543959
12332543960
12332543961
12332543962
12332543963
12332543964
12332543965
12332543966
12332543967
12332543968
12332543969
12332543970
12332543971
12332543972
12332543973
12332543974
12332543975
12332543976
12332543977
12332543978
12332543979
12332543980
12332543981
12332543982
12332543983
12332543984
12332543985
12332543986
12332543987
12332543988
12332543989
12332543990
12332543991
12332543992
12332543993
12332543994
12332543995
12332543996
12332543997
12332543998
12332543999
12332544000
12332544001
12332544002
12332544003
12332544004
12332544005
12332544006
12332544007
12332544008
12332544009
12332544010
12332544011
12332544012
12332544013
12332544014
12332544015
12332544016
12332544017
12332544018
12332544019
12332544020
12332544021
12332544022
12332544023
12332544024
12332544025
12332544026
12332544027
12332544028
12332544029
12332544030
12332544031
12332544032
12332544033
12332544034
12332544035
12332544036
12332544037
12332544038
12332544039
12332544040
12332544041
12332544042
12332544043
12332544044
12332544045
12332544046
12332544047
12332544048
12332544049
12332544050
12332544051
12332544052
12332544053
12332544054
12332544055
12332544056
12332544057
12332544058
12332544059
12332544060
12332544061
12332544062
12332544063
12332544064
12332544065
12332544066
12332544067
12332544068
12332544069
12332544070
12332544071
12332544072
12332544073
12332544074
12332544075
12332544076
12332544077
12332544078
12332544079
12332544080
12332544081
12332544082
12332544083
12332544084
12332544085
12332544086
12332544087
12332544088
12332544089
12332544090
12332544091
12332544092
12332544093
12332544094
12332544095
12332544096
12332544097
12332544098
12332544099
12332544100
12332544101
12332544102
12332544103
12332544104
12332544105
12332544106
12332544107
12332544108
12332544109
12332544110
12332544111
12332544112
12332544113
12332544114
12332544115
12332544116
12332544117
12332544118
12332544119
12332544120
12332544121
12332544122
12332544123
12332544124
12332544125
12332544126
12332544127
12332544128
12332544129
12332544130
12332544131
12332544132
12332544133
12332544134
12332544135
12332544136
12332544137
12332544138
12332544139
12332544140
12332544141
12332544142
12332544143
12332544144
12332544145
12332544146
12332544147
12332544148
12332544149
12332544150
12332544151
12332544152
12332544153
12332544154
12332544155
12332544156
12332544157
12332544158
12332544159
12332544160
12332544161
12332544162
12332544163
12332544164
12332544165
12332544166
12332544167
12332544168
12332544169
12332544170
12332544171
12332544172
12332544173
12332544174
12332544175
12332544176
12332544177
12332544178
12332544179
12332544180
12332544181
12332544182
12332544183
12332544184
12332544185
12332544186
12332544187
12332544188
12332544189
12332544190
12332544191
12332544192
12332544193
12332544194
12332544195
12332544196
12332544197
12332544198
12332544199
12332544200
12332544201
12332544202
12332544203
12332544204
12332544205
12332544206
12332544207
12332544208
12332544209
12332544210
12332544211
12332544212
12332544213
12332544214
12332544215
12332544216
12332544217
12332544218
12332544219
12332544220
12332544221
12332544222
12332544223
12332544224
12332544225
12332544226
12332544227
12332544228
12332544229
12332544230
12332544231
12332544232
12332544233
12332544234
12332544235
12332544236
12332544237
12332544238
12332544239
12332544240
12332544241
12332544242
12332544243
12332544244
12332544245
12332544246
12332544247
12332544248
12332544249
12332544250
12332544251
12332544252
12332544253
12332544254
12332544255
12332544256
12332544257
12332544258
12332544259
12332544260
12332544261
12332544262
12332544263
12332544264
12332544265
12332544266
12332544267
12332544268
12332544269
12332544270
12332544271
12332544272
12332544273
12332544274
12332544275
12332544276
12332544277
12332544278
12332544279
12332544280
12332544281
12332544282
12332544283
12332544284
12332544285
12332544286
12332544287
12332544288
12332544289
12332544290
12332544291
12332544292
12332544293
12332544294
12332544295
12332544296
12332544297
12332544298
12332544299
12332544300
12332544301
12332544302
12332544303
12332544304
12332544305
12332544306
12332544307
12332544308
12332544309
12332544310
12332544311
12332544312
12332544313
12332544314
12332544315
12332544316
12332544317
12332544318
12332544319
12332544320
12332544321
12332544322
12332544323
12332544324
12332544325
12332544326
12332544327
12332544328
12332544329
12332544330
12332544331
12332544332
12332544333
12332544334
12332544335
12332544336
12332544337
12332544338
12332544339
12332544340
12332544341
12332544342
12332544343
12332544344
12332544345
12332544346
12332544347
12332544348
12332544349
12332544350
12332544351
12332544352
12332544353
12332544354
12332544355
12332544356
12332544357
12332544358
12332544359
12332544360
12332544361
12332544362
12332544363
12332544364
12332544365
12332544366
12332544367
12332544368
12332544369
12332544370
12332544371
12332544372
12332544373
12332544374
12332544375
12332544376
12332544377
12332544378
12332544379
12332544380
12332544381
12332544382
12332544383
12332544384
12332544385
12332544386
12332544387
12332544388
12332544389
12332544390
12332544391
12332544392
12332544393
12332544394
12332544395
12332544396
12332544397
12332544398
12332544399
12332544400
12332544401
12332544402
12332544403
12332544404
12332544405
12332544406
12332544407
12332544408
12332544409
12332544410
12332544411
12332544412
12332544413
12332544414
12332544415
12332544416
12332544417
12332544418
12332544419
12332544420
12332544421
12332544422
12332544423
12332544424
12332544425
12332544426
12332544427
12332544428
12332544429
12332544430
12332544431
12332544432
12332544433
12332544434
12332544435
12332544436
12332544437
12332544438
12332544439
12332544440
12332544441
12332544442
12332544443
12332544444
12332544445
12332544446
12332544447
12332544448
12332544449
12332544450
12332544451
12332544452
12332544453
12332544454
12332544455
12332544456
12332544457
12332544458
12332544459
12332544460
12332544461
12332544462
12332544463
12332544464
12332544465
12332544466
12332544467
12332544468
12332544469
12332544470
12332544471
12332544472
12332544473
12332544474
12332544475
12332544476
12332544477
12332544478
12332544479
12332544480
12332544481
12332544482
12332544483
12332544484
12332544485
12332544486
12332544487
12332544488
12332544489
12332544490
12332544491
12332544492
12332544493
12332544494
12332544495
12332544496
12332544497
12332544498
12332544499
12332544500
12332544501
12332544502
12332544503
12332544504
12332544505
12332544506
12332544507
12332544508
12332544509
12332544510
12332544511
12332544512
12332544513
12332544514
12332544515
12332544516
12332544517
12332544518
12332544519
12332544520
12332544521
12332544522
12332544523
12332544524
12332544525
12332544526
12332544527
12332544528
12332544529
12332544530
12332544531
12332544532
12332544533
12332544534
12332544535
12332544536
12332544537
12332544538
12332544539
12332544540
12332544541
12332544542
12332544543
12332544544
12332544545
12332544546
12332544547
12332544548
12332544549
12332544550
12332544551
12332544552
12332544553
12332544554
12332544555
12332544556
12332544557
12332544558
12332544559
12332544560
12332544561
12332544562
12332544563
12332544564
12332544565
12332544566
12332544567
12332544568
12332544569
12332544570
12332544571
12332544572
12332544573
12332544574
12332544575
12332544576
12332544577
12332544578
12332544579
12332544580
12332544581
12332544582
12332544583
12332544584
12332544585
12332544586
12332544587
12332544588
12332544589
12332544590
12332544591
12332544592
12332544593
12332544594
12332544595
12332544596
12332544597
12332544598
12332544599
12332544600
12332544601
12332544602
12332544603
12332544604
12332544605
12332544606
12332544607
12332544608
12332544609
12332544610
12332544611
12332544612
12332544613
12332544614
12332544615
12332544616
12332544617
12332544618
12332544619
12332544620
12332544621
12332544622
12332544623
12332544624
12332544625
12332544626
12332544627
12332544628
12332544629
12332544630
12332544631
12332544632
12332544633
12332544634
12332544635
12332544636
12332544637
12332544638
12332544639
12332544640
12332544641
12332544642
12332544643
12332544644
12332544645
12332544646
12332544647
12332544648
12332544649
12332544650
12332544651
12332544652
12332544653
12332544654
12332544655
12332544656
12332544657
12332544658
12332544659
12332544660
12332544661
12332544662
12332544663
12332544664
12332544665
12332544666
12332544667
12332544668
12332544669
12332544670
12332544671
12332544672
12332544673
12332544674
12332544675
12332544676
12332544677
12332544678
12332544679
12332544680
12332544681
12332544682
12332544683
12332544684
12332544685
12332544686
12332544687
12332544688
12332544689
12332544690
12332544691
12332544692
12332544693
12332544694
12332544695
12332544696
12332544697
12332544698
12332544699
12332544700
12332544701
12332544702
12332544703
12332544704
12332544705
12332544706
12332544707
12332544708
12332544709
12332544710
12332544711
12332544712
12332544713
12332544714
12332544715
12332544716
12332544717
12332544718
12332544719
12332544720
12332544721
12332544722
12332544723
12332544724
12332544725
12332544726
12332544727
12332544728
12332544729
12332544730
12332544731
12332544732
12332544733
12332544734
12332544735
12332544736
12332544737
12332544738
12332544739
12332544740
12332544741
12332544742
12332544743
12332544744
12332544745
12332544746
12332544747
12332544748
12332544749
12332544750
12332544751
12332544752
12332544753
12332544754
12332544755
12332544756
12332544757
12332544758
12332544759
12332544760
12332544761
12332544762
12332544763
12332544764
12332544765
12332544766
12332544767
12332544768
12332544769
12332544770
12332544771
12332544772
12332544773
12332544774
12332544775
12332544776
12332544777
12332544778
12332544779
12332544780
12332544781
12332544782
12332544783
12332544784
12332544785
12332544786
12332544787
12332544788
12332544789
12332544790
12332544791
12332544792
12332544793
12332544794
12332544795
12332544796
12332544797
12332544798
12332544799
12332544800
12332544801
12332544802
12332544803
12332544804
12332544805
12332544806
12332544807
12332544808
12332544809
12332544810
12332544811
12332544812
12332544813
12332544814
12332544815
12332544816
12332544817
12332544818
12332544819
12332544820
12332544821
12332544822
12332544823
12332544824
12332544825
12332544826
12332544827
12332544828
12332544829
12332544830
12332544831
12332544832
12332544833
12332544834
12332544835
12332544836
12332544837
12332544838
12332544839
12332544840
12332544841
12332544842
12332544843
12332544844
12332544845
12332544846
12332544847
12332544848
12332544849
12332544850
12332544851
12332544852
12332544853
12332544854
12332544855
12332544856
12332544857
12332544858
12332544859
12332544860
12332544861
12332544862
12332544863
12332544864
12332544865
