ID
11241241343
11241241344
11241241345
11241241346
11241241347
11241241348
11241241349
11241241350
11241241351
11241241352
11241241353
11241241354
11241241355
11241241356
11241241357
11241241358
11241241359
11241241360
11241241361
11241241362
11241241363
11241241364
11241241365
11241241366
11241241367
11241241368
11241241369
11241241370
11241241371
11241241372
11241241373
11241241374
11241241375
11241241376
11241241377
11241241378
11241241379
11241241380
11241241381
11241241382
11241241383
11241241384
11241241385
11241241386
11241241387
11241241388
11241241389
11241241390
11241241391
11241241392
11241241393
11241241394
11241241395
11241241396
11241241397
11241241398
11241241399
11241241400
11241241401
11241241402
11241241403
11241241404
11241241405
11241241406
11241241407
11241241408
11241241409
11241241410
11241241411
11241241412
11241241413
11241241414
11241241415
11241241416
11241241417
11241241418
11241241419
11241241420
11241241421
11241241422
11241241423
11241241424
11241241425
11241241426
11241241427
11241241428
11241241429
11241241430
11241241431
11241241432
11241241433
11241241434
11241241435
11241241436
11241241437
11241241438
11241241439
11241241440
11241241441
11241241442
11241241443
11241241444
11241241445
11241241446
11241241447
11241241448
11241241449
11241241450
11241241451
11241241452
11241241453
11241241454
11241241455
11241241456
11241241457
11241241458
11241241459
11241241460
11241241461
11241241462
11241241463
11241241464
11241241465
11241241466
11241241467
11241241468
11241241469
11241241470
11241241471
11241241472
11241241473
11241241474
11241241475
11241241476
11241241477
11241241478
11241241479
11241241480
11241241481
11241241482
11241241483
11241241484
11241241485
11241241486
11241241487
11241241488
11241241489
11241241490
11241241491
11241241492
11241241493
11241241494
11241241495
11241241496
11241241497
11241241498
11241241499
11241241500
11241241501
11241241502
11241241503
11241241504
11241241505
11241241506
11241241507
11241241508
11241241509
11241241510
11241241511
11241241512
11241241513
11241241514
11241241515
11241241516
11241241517
11241241518
11241241519
11241241520
11241241521
11241241522
11241241523
11241241524
11241241525
11241241526
11241241527
11241241528
11241241529
11241241530
11241241531
11241241532
11241241533
11241241534
11241241535
11241241536
11241241537
11241241538
11241241539
11241241540
11241241541
11241241542
11241241543
11241241544
11241241545
11241241546
11241241547
11241241548
11241241549
11241241550
11241241551
11241241552
11241241553
11241241554
11241241555
11241241556
11241241557
11241241558
11241241559
11241241560
11241241561
11241241562
11241241563
11241241564
11241241565
11241241566
11241241567
11241241568
11241241569
11241241570
11241241571
11241241572
11241241573
11241241574
11241241575
11241241576
11241241577
11241241578
11241241579
11241241580
11241241581
11241241582
11241241583
11241241584
11241241585
11241241586
11241241587
11241241588
11241241589
11241241590
11241241591
11241241592
11241241593
11241241594
11241241595
11241241596
11241241597
11241241598
11241241599
11241241600
11241241601
11241241602
11241241603
11241241604
11241241605
11241241606
11241241607
11241241608
11241241609
11241241610
11241241611
11241241612
11241241613
11241241614
11241241615
11241241616
11241241617
11241241618
11241241619
11241241620
11241241621
11241241622
11241241623
11241241624
11241241625
11241241626
11241241627
11241241628
11241241629
11241241630
11241241631
11241241632
11241241633
11241241634
11241241635
11241241636
11241241637
11241241638
11241241639
11241241640
11241241641
11241241642
11241241643
11241241644
11241241645
11241241646
11241241647
11241241648
11241241649
11241241650
11241241651
11241241652
11241241653
11241241654
11241241655
11241241656
11241241657
11241241658
11241241659
11241241660
11241241661
11241241662
11241241663
11241241664
11241241665
11241241666
11241241667
11241241668
11241241669
11241241670
11241241671
11241241672
11241241673
11241241674
11241241675
11241241676
11241241677
11241241678
11241241679
11241241680
11241241681
11241241682
11241241683
11241241684
11241241685
11241241686
11241241687
11241241688
11241241689
11241241690
11241241691
11241241692
11241241693
11241241694
11241241695
11241241696
11241241697
11241241698
11241241699
11241241700
11241241701
11241241702
11241241703
11241241704
11241241705
11241241706
11241241707
11241241708
11241241709
11241241710
11241241711
11241241712
11241241713
11241241714
11241241715
11241241716
11241241717
11241241718
11241241719
11241241720
11241241721
11241241722
11241241723
11241241724
11241241725
11241241726
11241241727
11241241728
11241241729
11241241730
11241241731
11241241732
11241241733
11241241734
11241241735
11241241736
11241241737
11241241738
11241241739
11241241740
11241241741
11241241742
11241241743
11241241744
11241241745
11241241746
11241241747
11241241748
11241241749
11241241750
11241241751
11241241752
11241241753
11241241754
11241241755
11241241756
11241241757
11241241758
11241241759
11241241760
11241241761
11241241762
11241241763
11241241764
11241241765
11241241766
11241241767
11241241768
11241241769
11241241770
11241241771
11241241772
11241241773
11241241774
11241241775
11241241776
11241241777
11241241778
11241241779
11241241780
11241241781
11241241782
11241241783
11241241784
11241241785
11241241786
11241241787
11241241788
11241241789
11241241790
11241241791
11241241792
11241241793
11241241794
11241241795
11241241796
11241241797
11241241798
11241241799
11241241800
11241241801
11241241802
11241241803
11241241804
11241241805
11241241806
11241241807
11241241808
11241241809
11241241810
11241241811
11241241812
11241241813
11241241814
11241241815
11241241816
11241241817
11241241818
11241241819
11241241820
11241241821
11241241822
11241241823
11241241824
11241241825
11241241826
11241241827
11241241828
11241241829
11241241830
11241241831
11241241832
11241241833
11241241834
11241241835
11241241836
11241241837
11241241838
11241241839
11241241840
11241241841
11241241842
11241241843
11241241844
11241241845
11241241846
11241241847
11241241848
11241241849
11241241850
11241241851
11241241852
11241241853
11241241854
11241241855
11241241856
11241241857
11241241858
11241241859
11241241860
11241241861
11241241862
11241241863
11241241864
11241241865
11241241866
11241241867
11241241868
11241241869
11241241870
11241241871
11241241872
11241241873
11241241874
11241241875
11241241876
11241241877
11241241878
11241241879
11241241880
11241241881
11241241882
11241241883
11241241884
11241241885
11241241886
11241241887
11241241888
11241241889
11241241890
11241241891
11241241892
11241241893
11241241894
11241241895
11241241896
11241241897
11241241898
11241241899
11241241900
11241241901
11241241902
11241241903
11241241904
11241241905
11241241906
11241241907
11241241908
11241241909
11241241910
11241241911
11241241912
11241241913
11241241914
11241241915
11241241916
11241241917
11241241918
11241241919
11241241920
11241241921
11241241922
11241241923
11241241924
11241241925
11241241926
11241241927
11241241928
11241241929
11241241930
11241241931
11241241932
11241241933
11241241934
11241241935
11241241936
11241241937
11241241938
11241241939
11241241940
11241241941
11241241942
11241241943
11241241944
11241241945
11241241946
11241241947
11241241948
11241241949
11241241950
11241241951
11241241952
11241241953
11241241954
11241241955
11241241956
11241241957
11241241958
11241241959
11241241960
11241241961
11241241962
11241241963
11241241964
11241241965
11241241966
11241241967
11241241968
11241241969
11241241970
11241241971
11241241972
11241241973
11241241974
11241241975
11241241976
11241241977
11241241978
11241241979
11241241980
11241241981
11241241982
11241241983
11241241984
11241241985
11241241986
11241241987
11241241988
11241241989
11241241990
11241241991
11241241992
11241241993
11241241994
11241241995
11241241996
11241241997
11241241998
11241241999
11241242000
11241242001
11241242002
11241242003
11241242004
11241242005
11241242006
11241242007
11241242008
11241242009
11241242010
11241242011